base acc:
loss:  0.6338352560997009
accuracy:  0.6783625483512878

